50 7.971 8.082 7.99294 8.04758
100 7.9348 8.02218 8.07112 7.9493
150 7.898 8.07946 7.93394 7.93656
200 7.8609 8.0076 8.044740000000001 7.95094
250 7.8234 7.88966 7.9801 7.85594
300 7.7856 7.929259999999999 7.95902 7.9815
350 7.7477 7.80572 7.87592 7.86422
400 7.7095 7.74148 7.84102 7.856260000000001
450 7.6712 7.6856 7.76486 7.71546
500 7.6329 7.79042 7.67082 7.82638
550 7.5945 7.67144 7.6278 7.66004
600 7.5561 7.73544 7.6753599999999995 7.6101399999999995
650 7.5178 7.59618 7.559480000000001 7.57164
700 7.4796 7.488119999999999 7.48048 7.6137
750 7.4414 7.5103599999999995 7.47828 7.60284
800 7.4035 7.56888 7.562 7.5657000000000005
850 7.3657 7.38196 7.50928 7.43384
900 7.3281 7.46816 7.3805 7.48182
950 7.2908 7.4386 7.32512 7.4644
1000 7.2537 7.26086 7.38922 7.350020000000001
1050 7.2169 7.25498 7.345 7.29414
1100 7.1803 7.26766 7.2896 7.2468
1150 7.1441 7.30622 7.1697 7.16986
1200 7.1082 7.28396 7.3081000000000005 7.14384
1250 7.0726 7.110180000000001 7.2084600000000005 7.16462
1300 7.0374 7.12182 7.18496 7.18296
1350 7.0025 7.19866 7.18702 7.14684
1400 6.968 7.08936 7.14752 7.05006
1450 6.9338 7.04714 7.04568 7.10232
1500 6.9 7.01552 7.00506 6.919840000000001
1550 6.8666 6.97294 6.9106 7.06246
1600 6.8336 6.84052 6.852659999999999 7.00632
1650 6.801 6.9088400000000005 6.82484 6.80588
1700 6.7687 6.9314 6.93368 6.84614
1750 6.7369 6.9175 6.785880000000001 6.80602
1800 6.7054 6.72186 6.77462 6.70548
1850 6.6744 6.78078 6.75778 6.74898
1900 6.6437 6.83828 6.783 6.68316
1950 6.6134 6.66828 6.621160000000001 6.6248000000000005
2000 6.5835 6.7413 6.59856 6.75364
2050 6.554 6.67636 6.5681 6.63996
2100 6.5249 6.66512 6.5976799999999995 6.65192
2150 6.4962 6.59248 6.51408 6.66956
2200 6.4679 6.58628 6.5311200000000005 6.4737800000000005
2250 6.4399 6.50442 6.5038 6.51344
2300 6.4123 6.4988600000000005 6.5396 6.42924
2350 6.3851 6.470940000000001 6.4889600000000005 6.5082
2400 6.3583 6.54536 6.52348 6.40076
2450 6.3318 6.43238 6.37138 6.4783
2500 6.3057 6.45588 6.49064 6.36632
2550 6.2799 6.319599999999999 6.36642 6.46542
2600 6.2545 6.3113 6.35526 6.2586
2650 6.2295 6.3624 6.28006 6.26568
2700 6.2048 6.29728 6.32494 6.319999999999999
2750 6.1804 6.360659999999999 6.31046 6.3397
2800 6.1564 6.328239999999999 6.26716 6.192399999999999
2850 6.1327 6.31736 6.22032 6.328539999999999
2900 6.1093 6.2675 6.24024 6.301200000000001
2950 6.0862 6.11036 6.12698 6.11046
3000 6.0635 6.19402 6.2283800000000005 6.10512
3050 6.0411 6.14492 6.2162 6.06128
3100 6.019 6.07726 6.1327 6.09626
3150 5.9972 6.18074 6.0436000000000005 6.14956
3200 5.9756 6.10646 6.01306 6.04346
3250 5.9544 6.01878 6.122999999999999 6.11328
3300 5.9335 6.08032 6.0345 6.003780000000001
3350 5.9128 5.9166 5.9778 6.00544
3400 5.8925 6.05738 5.98222 5.97916
3450 5.8724 6.05178 6.05762 5.99634
3500 5.8526 5.89276 6.05118 5.867179999999999
3550 5.833 5.84394 5.99102 5.9020600000000005
3600 5.8137 5.88312 5.94186 5.94722
3650 5.7947 5.91642 5.86086 5.860259999999999
3700 5.7759 5.87818 5.78986 5.9153400000000005
3750 5.7574 5.842079999999999 5.80284 5.9389199999999995
3800 5.7391 5.93492 5.81278 5.852939999999999
3850 5.7211 5.7245 5.7597 5.77764
3900 5.7033 5.7271399999999995 5.722919999999999 5.849539999999999
3950 5.6857 5.719259999999999 5.6951 5.7322999999999995
4000 5.6684 5.80356 5.7879000000000005 5.83276
4050 5.6512 5.72734 5.716200000000001 5.754440000000001
4100 5.6343 5.70146 5.6859399999999996 5.78776
4150 5.6177 5.61866 5.73572 5.77238
4200 5.6012 5.651260000000001 5.6017600000000005 5.649660000000001
4250 5.5849 5.6390400000000005 5.69334 5.7504800000000005
4300 5.5689 5.6502 5.63544 5.7367
4350 5.553 5.63666 5.55792 5.59086
4400 5.5374 5.58328 5.6383399999999995 5.6318
4450 5.522 5.62296 5.5773 5.66248
4500 5.5067 5.561660000000001 5.67056 5.63438
4550 5.4916 5.65418 5.5656 5.50436
4600 5.4767 5.51796 5.50036 5.55044
4650 5.4621 5.550400000000001 5.57188 5.643260000000001
4700 5.4475 5.63094 5.6265 5.45854
4750 5.4332 5.52268 5.47006 5.600140000000001
4800 5.419 5.51282 5.5469 5.430879999999999
4850 5.405 5.4146 5.410200000000001 5.46828
4900 5.3912 5.4850200000000005 5.557300000000001 5.5343
4950 5.3775 5.4207 5.552980000000001 5.57748
5000 5.364 5.45172 5.54026 5.4247
5050 5.3507 5.4806 5.53716 5.44536
5100 5.3375 5.46384 5.35348 5.5267800000000005
5150 5.3245 5.414359999999999 5.40156 5.3686
5200 5.3116 5.32324 5.4668600000000005 5.50288
5250 5.2989 5.46094 5.3462 5.4525999999999994
5300 5.2863 5.39884 5.46326 5.4558
5350 5.2739 5.4062 5.4147 5.30952
5400 5.2616 5.44386 5.458959999999999 5.40518
5450 5.2494 5.30678 5.282699999999999 5.444719999999999
5500 5.2374 5.43638 5.34804 5.3811
5550 5.2255 5.26792 5.4009 5.27808
5600 5.2138 5.3057 5.40732 5.40652
5650 5.2021 5.21554 5.23996 5.30896
5700 5.1906 5.24538 5.30314 5.25678
5750 5.1793 5.281759999999999 5.23548 5.364159999999999
5800 5.168 5.16938 5.36702 5.22682
5850 5.1569 5.1580200000000005 5.2484 5.27718
5900 5.1459 5.27602 5.3407 5.26516
5950 5.135 5.32636 5.198659999999999 5.307119999999999
6000 5.1243 5.2292 5.17466 5.2615
6050 5.1136 5.28126 5.28962 5.24066
6100 5.1031 5.21556 5.11012 5.2662
6150 5.0926 5.12724 5.16676 5.18484
6200 5.0823 5.21388 5.25918 5.25254
6250 5.0721 5.13608 5.26 5.08486
6300 5.062 5.16498 5.2537400000000005 5.22926
6350 5.052 5.07546 5.16292 5.124
6400 5.0421 5.1083 5.18434 5.068899999999999
6450 5.0323 5.15238 5.06496 5.18194
6500 5.0226 5.12216 5.16306 5.10916
6550 5.013 5.02142 5.1818 5.04268
6600 5.0035 5.15264 5.0705 5.0763799999999994
6650 4.994 5.15318 5.14034 5.15174
6700 4.9847 5.16796 5.104480000000001 5.06918
6750 4.9755 5.03594 5.17502 4.996440000000001
6800 4.9663 5.07992 4.969720000000001 5.126200000000001
6850 4.9573 5.12258 5.01312 5.01574
6900 4.9483 4.9931399999999995 5.1239799999999995 4.97528
6950 4.9394 5.01572 5.02956 5.11182
7000 4.9306 5.01048 4.96824 4.95532
7050 4.9219 5.04456 5.11018 5.10078
7100 4.9133 5.05516 5.058339999999999 4.991059999999999
7150 4.9047 5.0654 4.92668 4.91732
7200 4.8962 5.05104 5.042540000000001 5.037920000000001
7250 4.8879 5.03458 4.99892 4.96594
7300 4.8795 4.996020000000001 5.05538 4.92318
7350 4.8713 4.96188 5.0 4.9136999999999995
7400 4.8631 4.88548 5.0392 4.95606
7450 4.855 5.0532200000000005 4.93892 4.98024
7500 4.847 4.93686 4.9686 5.01616
7550 4.839 4.9785 4.978300000000001 4.88302
7600 4.8312 4.9545 4.9848 5.0192
7650 4.8234 4.8289800000000005 5.02304 4.835
7700 4.8156 4.96662 4.83992 5.0076
7750 4.8079 4.99822 4.9606200000000005 4.9491
7800 4.8003 4.92876 4.81888 4.9943
7850 4.7928 4.97852 4.90282 4.91892
7900 4.7853 4.9756 4.79736 4.85632
7950 4.7779 4.90242 4.77972 4.85574
8000 4.7705 4.91518 4.839980000000001 4.91002
8050 4.7632 4.880800000000001 4.9047600000000005 4.803260000000001
8100 4.756 4.9289000000000005 4.8131 4.80428
8150 4.7488 4.94644 4.92682 4.87456
8200 4.7417 4.94102 4.88402 4.81368
8250 4.7346 4.807 4.84506 4.77266
8300 4.7276 4.8929 4.7409 4.8119
8350 4.7207 4.72434 4.81886 4.90894
8400 4.7138 4.75604 4.82714 4.85428
8450 4.707 4.89028 4.7751399999999995 4.83284
8500 4.7002 4.726039999999999 4.89574 4.88704
8550 4.6935 4.8223400000000005 4.87248 4.7281200000000005
8600 4.6868 4.7998199999999995 4.86322 4.75134
8650 4.6802 4.85764 4.7872 4.87086
8700 4.6736 4.78396 4.79222 4.7960400000000005
8750 4.6671 4.79456 4.80486 4.73218
8800 4.6606 4.790299999999999 4.6693999999999996 4.76098
8850 4.6542 4.7485 4.744960000000001 4.8493200000000005
8900 4.6478 4.65886 4.8144 4.72818
8950 4.6415 4.786919999999999 4.77592 4.75158
9000 4.6352 4.6474 4.77492 4.6535400000000005
9050 4.629 4.790159999999999 4.78018 4.75252
9100 4.6228 4.62684 4.71784 4.63058
9150 4.6167 4.693 4.68204 4.78168
9200 4.6106 4.6681 4.78808 4.67402
9250 4.6045 4.76856 4.72954 4.62092
9300 4.5985 4.6027 4.72518 4.73778
9350 4.5926 4.77886 4.6853 4.61688
9400 4.5866 4.64612 4.5957799999999995 4.64452
9450 4.5808 4.7268 4.68204 4.60968
9500 4.5749 4.7117 4.7194400000000005 4.595560000000001
9550 4.5691 4.76236 4.66048 4.65586
9600 4.5634 4.566999999999999 4.56398 4.565919999999999
9650 4.5576 4.61388 4.6628 4.60108
9700 4.552 4.58974 4.677759999999999 4.66064
9750 4.5463 4.742299999999999 4.66984 4.731059999999999
9800 4.5407 4.697620000000001 4.58722 4.7142
9850 4.5351 4.65684 4.56114 4.7097999999999995
9900 4.5296 4.7111600000000005 4.5536 4.57124
9950 4.5241 4.56546 4.6544799999999995 4.551
10000 4.5187 4.5456 4.70076 4.6882399999999995
10050 4.5132 4.69552 4.70624 4.6745600000000005
10100 4.5079 4.53402 4.51684 4.55766
10150 4.5025 4.642460000000001 4.5991800000000005 4.615900000000001
10200 4.4972 4.51992 4.60304 4.6473
10250 4.4919 4.5446 4.597160000000001 4.56196
10300 4.4867 4.49764 4.58012 4.569
10350 4.4815 4.52854 4.65628 4.493399999999999
10400 4.4763 4.63928 4.5693 4.64928
10450 4.4711 4.64914 4.569459999999999 4.5422199999999995
10500 4.4659 4.588900000000001 4.485080000000001 4.65014
10550 4.4603 4.4695800000000006 4.47674 4.5408800000000005
10600 4.4544 4.60628 4.58854 4.56614
10650 4.4483 4.4543 4.55096 4.51656
10700 4.4418 4.61742 4.4586 4.61064
10750 4.435 4.575819999999999 4.57236 4.494319999999999
10800 4.4279 4.47062 4.48532 4.445720000000001
10850 4.4205 4.5633 4.5739 4.5099599999999995
10900 4.4128 4.49496 4.5960399999999995 4.45792
10950 4.4048 4.51454 4.4311 4.6044
11000 4.3964 4.5386999999999995 4.52604 4.55576
11050 4.3878 4.39024 4.5781600000000005 4.4825800000000005
11100 4.3788 4.41152 4.51066 4.39102
11150 4.3695 4.45462 4.49706 4.4108
11200 4.3599 4.51256 4.39028 4.48862
11250 4.35 4.39502 4.48902 4.53118
11300 4.3398 4.44454 4.3733 4.5227200000000005
11350 4.3293 4.50962 4.50864 4.43342
11400 4.3185 4.51532 4.47642 4.45852
11450 4.3074 4.3349400000000005 4.47036 4.353420000000001
11500 4.296 4.4046400000000006 4.45512 4.4585
11550 4.2842 4.4278200000000005 4.32416 4.312860000000001
11600 4.2722 4.3807 4.3012 4.40354
11650 4.2599 4.32902 4.33844 4.4187
11700 4.2473 4.32286 4.41194 4.38644
11750 4.2344 4.3758799999999995 4.43422 4.40682
11800 4.2212 4.241899999999999 4.40036 4.29238
11850 4.2078 4.38528 4.369 4.211799999999999
11900 4.194 4.3480799999999995 4.24874 4.21728
11950 4.18 4.279059999999999 4.2553399999999995 4.31358
12000 4.1657 4.19826 4.30178 4.237620000000001
12050 4.1512 4.1908 4.20936 4.15496
12100 4.1364 4.25524 4.2180800000000005 4.33228
12150 4.1213 4.1670799999999995 4.22248 4.273619999999999
12200 4.106 4.12098 4.1472 4.1646399999999995
12250 4.0904 4.2373199999999995 4.12826 4.21172
12300 4.0746 4.1433800000000005 4.209280000000001 4.17448
12350 4.0585 4.11186 4.22658 4.1273800000000005
12400 4.0422 4.21502 4.05258 4.06048
12450 4.0257 4.035959999999999 4.106459999999999 4.146439999999999
12500 4.009 4.15718 4.09628 4.152880000000001
12550 3.992 4.10822 4.14634 4.11008
12600 3.9749 4.17164 4.03 4.03412
12650 3.9575 4.10442 4.01626 4.14382
12700 3.9399 4.0545800000000005 4.0190600000000005 3.9766600000000003
12750 3.9221 3.96714 4.07696 3.92272
12800 3.9042 4.00798 4.05508 3.94798
12850 3.886 3.91934 4.04558 3.95316
12900 3.8677 3.92658 3.9683 4.02948
12950 3.8492 3.87588 3.88336 4.02518
13000 3.8305 3.9294599999999997 3.9888999999999997 3.8579999999999997
13050 3.8117 3.95372 3.8217600000000003 3.88768
13100 3.7927 3.86324 3.9382 3.88808
13150 3.7736 3.86556 3.88036 3.77838
13200 3.7543 3.9406000000000003 3.7551400000000004 3.7544000000000004
13250 3.7349 3.8923200000000002 3.87386 3.7369600000000003
13300 3.7153 3.83336 3.72072 3.85204
13350 3.6957 3.88702 3.85214 3.8902
13400 3.6759 3.76126 3.71612 3.75534
13450 3.656 3.7730200000000003 3.83232 3.82626
13500 3.636 3.75564 3.6880200000000003 3.73666
13550 3.6158 3.74276 3.6455800000000003 3.68342
13600 3.5956 3.70132 3.71518 3.7631200000000002
13650 3.5753 3.72674 3.5966199999999997 3.72002
13700 3.5549 3.59818 3.61952 3.5662
13750 3.5345 3.5835 3.59988 3.61768
13800 3.5139 3.53824 3.55028 3.5183400000000002
13850 3.4933 3.66514 3.57614 3.6018
13900 3.4726 3.63626 3.64404 3.6200799999999997
13950 3.4519 3.4957000000000003 3.4833800000000004 3.4796
14000 3.4311 3.53862 3.6087399999999996 3.5763399999999996
14050 3.4103 3.52622 3.50058 3.53652
14100 3.3894 3.5674 3.58598 3.4095400000000002
14150 3.3685 3.3835800000000003 3.4699 3.37894
14200 3.3475 3.3951800000000003 3.44998 3.39662
14250 3.3265 3.39178 3.3928999999999996 3.48834
14300 3.3055 3.3367999999999998 3.46496 3.30834
14350 3.2845 3.4641 3.43694 3.47946
14400 3.2635 3.39852 3.4448600000000003 3.38428
14450 3.2424 3.44174 3.3929 3.28722
14500 3.2214 3.30602 3.36566 3.30178
14550 3.2003 3.35892 3.27434 3.38014
14600 3.1793 3.35566 3.34632 3.2622
14650 3.1582 3.25582 3.27892 3.19246
14700 3.1372 3.18234 3.27772 3.30326
14750 3.1162 3.16554 3.1957400000000002 3.1417800000000002
14800 3.0952 3.2539200000000004 3.1003600000000002 3.1945200000000002
14850 3.0742 3.1601 3.0916799999999998 3.218
14900 3.0533 3.0581400000000003 3.23726 3.20088
14950 3.0324 3.10374 3.12578 3.20074
15000 3.0115 3.1875799999999996 3.0241599999999997 3.1548
15050 2.9906 3.1798 3.0545400000000003 3.14736
15100 2.9698 3.11524 3.0005400000000004 2.98098
15150 2.9491 2.96912 3.00002 2.99874
15200 2.9284 3.02686 2.9928399999999997 3.1050999999999997
15250 2.9077 3.0616000000000003 3.08114 2.94126
15300 2.8871 2.9793600000000002 2.9634600000000004 2.89032
15350 2.8666 3.0109 2.9618 2.88904
15400 2.8461 3.01756 2.92008 2.9426799999999997
15450 2.8256 2.97682 2.83298 2.9985
15500 2.8053 2.85084 3.00056 2.8745
15550 2.785 2.9103000000000003 2.98204 2.8357200000000002
15600 2.7647 2.79356 2.86482 2.79792
15650 2.7446 2.7822 2.8484800000000003 2.8135600000000003
15700 2.7245 2.74266 2.83128 2.92196
15750 2.7045 2.822 2.77428 2.77644
15800 2.6846 2.8426400000000003 2.86482 2.82758
15850 2.6647 2.78158 2.8617 2.8273599999999997
15900 2.6449 2.7593199999999998 2.7925 2.6753199999999997
15950 2.6253 2.6644400000000004 2.6280400000000004 2.6986800000000004
16000 2.6057 2.7307 2.6143400000000003 2.65986
16050 2.5861 2.6762 2.6799 2.7645
16100 2.5667 2.59584 2.62356 2.61174
16150 2.5474 2.66106 2.59144 2.67058
16200 2.5281 2.6051399999999996 2.6597799999999996 2.55468
16250 2.509 2.545 2.61428 2.62654
16300 2.4899 2.50024 2.50248 2.54618
16350 2.471 2.6485000000000003 2.49858 2.5082
16400 2.4521 2.54474 2.6195000000000004 2.59138
16450 2.4333 2.46776 2.49578 2.52214
16500 2.4147 2.5974199999999996 2.5241599999999997 2.43788
16550 2.3961 2.59276 2.4485 2.43866
16600 2.3777 2.4226199999999998 2.3796999999999997 2.40756
16650 2.3593 2.54366 2.5184200000000003 2.53946
16700 2.341 2.51684 2.43548 2.3933
16750 2.3229 2.38966 2.36308 2.42262
16800 2.3048 2.34274 2.41948 2.36722
16850 2.2869 2.48524 2.36852 2.44306
16900 2.269 2.3470400000000002 2.46772 2.34858
16950 2.2513 2.3447 2.3038000000000003 2.2593
17000 2.2337 2.3349399999999996 2.36076 2.2555199999999997
17050 2.2162 2.3602000000000003 2.2826 2.3134400000000004
17100 2.1988 2.38502 2.25156 2.2016199999999997
17150 2.1815 2.31076 2.2747800000000002 2.2026800000000004
17200 2.1643 2.319 2.1944399999999997 2.34048
17250 2.1472 2.26052 2.2003600000000003 2.2653800000000004
17300 2.1302 2.15936 2.16858 2.26674
17350 2.1134 2.291 2.19522 2.28056
17400 2.0966 2.25888 2.0982 2.29424
17450 2.08 2.19096 2.2164800000000002 2.23952
17500 2.0634 2.07316 2.09938 2.24044
17550 2.047 2.06468 2.24576 2.18556
17600 2.0307 2.2121399999999998 2.14188 2.14084
17650 2.0145 2.05244 2.18092 2.15006
17700 1.9984 2.017 2.14544 2.04814
17750 1.9824 2.0251 2.06576 2.15826
17800 1.9666 2.1283 2.0669999999999997 2.16492
17850 1.9508 1.9902600000000001 2.0917 2.01354
17900 1.9352 1.9704 2.02524 2.01426
17950 1.9196 2.0431 2.09168 2.07886
18000 1.9042 1.9901799999999998 1.95926 2.07788
18050 1.8889 1.95566 1.92326 1.93094
18100 1.8737 1.89092 1.9636799999999999 2.0056599999999998
18150 1.8586 1.87872 2.02252 1.983
18200 1.8436 2.00736 2.01536 1.8895
18250 1.8287 1.96094 1.92774 1.9263
18300 1.8139 1.86332 1.9473200000000002 1.97602
18350 1.7993 1.8731799999999998 1.83066 1.82266
18400 1.7847 1.96026 1.87348 1.9839
18450 1.7703 1.8772199999999999 1.8014 1.88684
18500 1.7559 1.95178 1.7727600000000001 1.8845
18550 1.7417 1.9121000000000001 1.76218 1.81356
18600 1.7276 1.7982 1.8866800000000001 1.7875400000000001
18650 1.7136 1.74188 1.79124 1.7341
18700 1.6997 1.75696 1.80206 1.7229
18750 1.6859 1.8798599999999999 1.7067999999999999 1.6869399999999999
18800 1.6722 1.76088 1.86646 1.71674
18850 1.6586 1.7653800000000002 1.8077 1.73068
18900 1.6451 1.74148 1.81606 1.84392
18950 1.6317 1.6804 1.7802799999999999 1.70018
19000 1.6184 1.62684 1.6518000000000002 1.69768
19050 1.6052 1.6437 1.7374 1.7711
19100 1.5921 1.6873 1.61778 1.77264
19150 1.5792 1.6631399999999998 1.7590999999999999 1.59398
19200 1.5663 1.5786 1.7519200000000001 1.69614
19250 1.5535 1.6868 1.5832000000000002 1.5568600000000001
19300 1.5408 1.57812 1.70536 1.55626
19350 1.5283 1.54516 1.6477 1.64562
19400 1.5158 1.57426 1.55082 1.67204
19450 1.5034 1.5911600000000001 1.56186 1.5552000000000001
19500 1.4911 1.66622 1.53498 1.6715600000000002
19550 1.479 1.6715600000000002 1.64318 1.4959
19600 1.4669 1.6459000000000001 1.6355600000000001 1.5667600000000002
19650 1.4549 1.57902 1.56796 1.62236
19700 1.443 1.57454 1.58626 1.4989000000000001
19750 1.4312 1.48544 1.5841 1.59652
19800 1.4195 1.43196 1.51268 1.46664
19850 1.4079 1.4923799999999998 1.51612 1.518
19900 1.3964 1.52492 1.53662 1.5514800000000002
19950 1.385 1.3866 1.4098 1.54142
20000 1.3736 1.55548 1.44774 1.4735
20050 1.3624 1.5406 1.5217800000000001 1.55068
20100 1.3513 1.50034 1.44354 1.5478999999999998
20150 1.3402 1.3689200000000001 1.35196 1.3834
20200 1.3292 1.40576 1.4761799999999998 1.37266
20250 1.3184 1.34058 1.4881 1.43168
