50 7.971 7.95857 7.985560000000001 8.06639
100 7.9348 7.96206 7.877750000000001 7.96877
150 7.898 7.871029999999999 7.880929999999999 7.93809
200 7.8609 7.87243 7.881460000000001 7.928999999999999
250 7.8234 7.86293 7.8252500000000005 7.7929
300 7.7856 7.76097 7.80873 7.721959999999999
350 7.7477 7.77102 7.7843 7.78418
400 7.7095 7.699040000000001 7.73659 7.63738
450 7.6712 7.65452 7.63468 7.67482
500 7.6329 7.65282 7.67821 7.69588
550 7.5945 7.551880000000001 7.62227 7.54165
600 7.5561 7.55413 7.502689999999999 7.525689999999999
650 7.5178 7.44045 7.43879 7.49826
700 7.4796 7.407989999999999 7.535939999999999 7.50761
750 7.4414 7.39312 7.43416 7.38627
800 7.4035 7.427099999999999 7.36015 7.4283
850 7.3657 7.28659 7.43928 7.366350000000001
900 7.3281 7.40099 7.2746 7.301810000000001
950 7.2908 7.25076 7.29862 7.2263
1000 7.2537 7.28944 7.20851 7.20096
1050 7.2169 7.22363 7.1708799999999995 7.242559999999999
1100 7.1803 7.140090000000001 7.1544099999999995 7.15824
1150 7.1441 7.144559999999999 7.18325 7.12035
1200 7.1082 7.0649500000000005 7.118530000000001 7.13097
1250 7.0726 7.054670000000001 7.046740000000001 7.03008
1300 7.0374 6.9679899999999995 7.03733 7.03021
1350 7.0025 7.0305800000000005 7.04384 7.01347
1400 6.968 6.8933 6.9282699999999995 6.963780000000001
1450 6.9338 6.98381 6.9526699999999995 6.892239999999999
1500 6.9 6.88372 6.966220000000001 6.87643
1550 6.8666 6.87412 6.85068 6.933610000000001
1600 6.8336 6.80595 6.8152099999999995 6.922549999999999
1650 6.801 6.86995 6.79039 6.87571
1700 6.7687 6.70069 6.76495 6.76604
1750 6.7369 6.765090000000001 6.792120000000001 6.66139
1800 6.7054 6.72174 6.63343 6.67973
1850 6.6744 6.70082 6.721070000000001 6.723280000000001
1900 6.6437 6.59963 6.62763 6.64564
1950 6.6134 6.52382 6.605410000000001 6.60104
2000 6.5835 6.51204 6.53678 6.5698799999999995
2050 6.554 6.51728 6.539350000000001 6.49655
2100 6.5249 6.45106 6.58163 6.5964
2150 6.4962 6.41913 6.55911 6.486840000000001
2200 6.4679 6.468990000000001 6.414420000000001 6.44126
2250 6.4399 6.3697799999999996 6.454 6.37602
2300 6.4123 6.43562 6.4253599999999995 6.4619800000000005
2350 6.3851 6.40707 6.348670000000001 6.418830000000001
2400 6.3583 6.38182 6.32878 6.36398
2450 6.3318 6.326280000000001 6.32416 6.38877
2500 6.3057 6.31645 6.37231 6.2870099999999995
2550 6.2799 6.30275 6.30756 6.2143299999999995
2600 6.2545 6.17363 6.21757 6.23381
2650 6.2295 6.28331 6.20058 6.24604
2700 6.2048 6.20374 6.2142 6.240989999999999
2750 6.1804 6.26 6.1215 6.16275
2800 6.1564 6.1244 6.23502 6.115969999999999
2850 6.1327 6.14738 6.183959999999999 6.14746
2900 6.1093 6.1241 6.134930000000001 6.11267
2950 6.0862 6.0839099999999995 6.122920000000001 6.02862
3000 6.0635 6.05101 6.09424 6.04804
3050 6.0411 6.00017 5.98458 5.98195
3100 6.019 6.021330000000001 5.98564 5.98458
3150 5.9972 5.97728 5.9066 6.00445
3200 5.9756 6.00688 5.97259 5.98895
3250 5.9544 5.94583 5.97929 5.95782
3300 5.9335 5.96335 5.89024 6.011500000000001
3350 5.9128 5.85994 5.87156 5.952929999999999
3400 5.8925 5.9697 5.86247 5.85432
3450 5.8724 5.94868 5.903449999999999 5.8681
3500 5.8526 5.828539999999999 5.87484 5.83294
3550 5.833 5.87726 5.80065 5.81663
3600 5.8137 5.8917600000000006 5.84337 5.777430000000001
3650 5.7947 5.79482 5.77991 5.7329
3700 5.7759 5.740189999999999 5.7396 5.789129999999999
3750 5.7574 5.7589 5.71139 5.681479999999999
3800 5.7391 5.753989999999999 5.71646 5.77866
3850 5.7211 5.72649 5.74867 5.713839999999999
3900 5.7033 5.736049999999999 5.746859999999999 5.73199
3950 5.6857 5.71988 5.6866 5.69151
4000 5.6684 5.60937 5.61956 5.6671
4050 5.6512 5.65732 5.627680000000001 5.62098
4100 5.6343 5.69716 5.63882 5.71725
4150 5.6177 5.60692 5.56276 5.66252
4200 5.6012 5.60306 5.56825 5.56757
4250 5.5849 5.57317 5.541110000000001 5.64774
4300 5.5689 5.5915799999999996 5.618530000000001 5.56993
4350 5.553 5.53388 5.564819999999999 5.5068399999999995
4400 5.5374 5.58705 5.54125 5.55156
4450 5.522 5.56138 5.54484 5.5936
4500 5.5067 5.53774 5.42727 5.4847600000000005
4550 5.4916 5.47393 5.40847 5.47508
4600 5.4767 5.39858 5.47559 5.44833
4650 5.4621 5.39692 5.50781 5.4505300000000005
4700 5.4475 5.5057100000000005 5.459499999999999 5.4868
4750 5.4332 5.39802 5.45495 5.35729
4800 5.419 5.416409999999999 5.401879999999999 5.410629999999999
4850 5.405 5.44813 5.38816 5.414300000000001
4900 5.3912 5.382750000000001 5.356700000000001 5.4168
4950 5.3775 5.3453100000000004 5.38263 5.38208
5000 5.364 5.37651 5.34511 5.32468
5050 5.3507 5.29056 5.3237499999999995 5.278789999999999
5100 5.3375 5.309940000000001 5.36486 5.35566
5150 5.3245 5.29301 5.2480899999999995 5.328729999999999
5200 5.3116 5.373 5.3387400000000005 5.2206600000000005
5250 5.2989 5.275969999999999 5.327529999999999 5.24867
5300 5.2863 5.27736 5.31499 5.2692499999999995
5350 5.2739 5.23725 5.27679 5.2263
5400 5.2616 5.21046 5.26945 5.1876299999999995
5450 5.2494 5.22126 5.28458 5.303329999999999
5500 5.2374 5.227259999999999 5.2670699999999995 5.17482
5550 5.2255 5.23312 5.2833000000000006 5.2209200000000004
5600 5.2138 5.26427 5.186030000000001 5.23033
5650 5.2021 5.27723 5.18516 5.25953
5700 5.1906 5.17059 5.19118 5.17004
5750 5.1793 5.15182 5.1407799999999995 5.21437
5800 5.168 5.202710000000001 5.21067 5.1770000000000005
5850 5.1569 5.112730000000001 5.18769 5.237850000000001
5900 5.1459 5.158460000000001 5.18225 5.21954
5950 5.135 5.12153 5.13606 5.05964
6000 5.1243 5.10345 5.07812 5.11292
6050 5.1136 5.06892 5.09436 5.0682599999999995
6100 5.1031 5.127670000000001 5.027850000000001 5.15226
6150 5.0926 5.11001 5.06774 5.03486
6200 5.0823 5.05359 5.05441 5.070860000000001
6250 5.0721 5.10242 5.06218 5.1237
6300 5.062 5.09625 5.06344 5.05583
6350 5.052 5.05286 5.036989999999999 5.036459999999999
6400 5.0421 5.063999999999999 5.023809999999999 5.05046
6450 5.0323 5.058650000000001 5.030670000000001 5.04986
6500 5.0226 5.027359999999999 4.94842 5.045039999999999
6550 5.013 5.0031 5.04203 5.02965
6600 5.0035 4.98744 5.003489999999999 4.93489
6650 4.994 4.93326 4.98241 4.926959999999999
6700 4.9847 4.90362 4.988300000000001 4.98509
6750 4.9755 4.98352 4.9891000000000005 5.0456900000000005
6800 4.9663 4.97476 4.99069 4.99706
6850 4.9573 4.9229199999999995 4.95676 4.99414
6900 4.9483 4.9422999999999995 4.941999999999999 4.9331700000000005
6950 4.9394 5.016649999999999 4.89859 4.92354
7000 4.9306 4.90162 4.91788 5.00695
7050 4.9219 4.92471 4.9109799999999995 4.91784
7100 4.9133 4.947749999999999 4.89197 4.836689999999999
7150 4.9047 4.95165 4.86918 4.95163
7200 4.8962 4.902310000000001 4.840110000000001 4.98834
7250 4.8879 4.92845 4.87065 4.88885
7300 4.8795 4.83814 4.831519999999999 4.84765
7350 4.8713 4.8560799999999995 4.86186 4.89284
7400 4.8631 4.93138 4.862900000000001 4.837260000000001
7450 4.855 4.827440000000001 4.80726 4.92954
7500 4.847 4.847650000000001 4.901540000000001 4.811280000000001
7550 4.839 4.824630000000001 4.8474 4.88292
7600 4.8312 4.85442 4.86659 4.91465
7650 4.8234 4.845300000000001 4.7822000000000005 4.75683
7700 4.8156 4.8391399999999996 4.77193 4.87584
7750 4.8079 4.89927 4.771470000000001 4.82891
7800 4.8003 4.734030000000001 4.8319 4.82599
7850 4.7928 4.72621 4.839009999999999 4.863659999999999
7900 4.7853 4.804340000000001 4.8088500000000005 4.81361
7950 4.7779 4.77098 4.7584800000000005 4.7362
8000 4.7705 4.70972 4.75019 4.80456
8050 4.7632 4.78505 4.77512 4.74136
8100 4.756 4.73832 4.7100100000000005 4.79482
8150 4.7488 4.70916 4.75118 4.797180000000001
8200 4.7417 4.68277 4.79668 4.812309999999999
8250 4.7346 4.73299 4.68696 4.6586300000000005
8300 4.7276 4.747809999999999 4.74125 4.72474
8350 4.7207 4.774749999999999 4.71796 4.72561
8400 4.7138 4.71399 4.79636 4.6648499999999995
8450 4.707 4.6748 4.68568 4.73952
8500 4.7002 4.76485 4.681209999999999 4.672269999999999
8550 4.6935 4.75227 4.63084 4.63715
8600 4.6868 4.70681 4.64233 4.71448
8650 4.6802 4.668710000000001 4.7518400000000005 4.64507
8700 4.6736 4.70716 4.70246 4.6537500000000005
8750 4.6671 4.667979999999999 4.663869999999999 4.69193
8800 4.6606 4.67437 4.64074 4.6910099999999995
8850 4.6542 4.71562 4.63657 4.68707
8900 4.6478 4.662129999999999 4.65099 4.619009999999999
8950 4.6415 4.670599999999999 4.699809999999999 4.62104
9000 4.6352 4.61941 4.54464 4.65362
9050 4.629 4.600489999999999 4.58392 4.59774
9100 4.6228 4.58666 4.5944199999999995 4.60718
9150 4.6167 4.642119999999999 4.651400000000001 4.69117
9200 4.6106 4.61557 4.658709999999999 4.62123
9250 4.6045 4.66259 4.6095299999999995 4.6128100000000005
9300 4.5985 4.624059999999999 4.526509999999999 4.673679999999999
9350 4.5926 4.63147 4.6129500000000005 4.66049
9400 4.5866 4.617909999999999 4.601500000000001 4.55077
9450 4.5808 4.64066 4.608169999999999 4.66771
9500 4.5749 4.578180000000001 4.61916 4.53763
9550 4.5691 4.49989 4.564839999999999 4.6079
9600 4.5634 4.5704899999999995 4.525059999999999 4.586779999999999
9650 4.5576 4.47652 4.58888 4.53216
9700 4.552 4.56612 4.565829999999999 4.622059999999999
9750 4.5463 4.53742 4.556719999999999 4.505559999999999
9800 4.5407 4.535150000000001 4.5220400000000005 4.515890000000001
9850 4.5351 4.5509699999999995 4.57227 4.541409999999999
9900 4.5296 4.53751 4.58502 4.604070000000001
9950 4.5241 4.5405999999999995 4.54356 4.53715
10000 4.5187 4.50531 4.49193 4.53379
10050 4.5132 4.45381 4.52638 4.60182
10100 4.5079 4.467960000000001 4.505780000000001 4.420700000000001
10150 4.5025 4.54771 4.5429 4.51373
10200 4.4972 4.50949 4.5879 4.4835400000000005
10250 4.4919 4.50186 4.57575 4.48129
10300 4.4867 4.55431 4.44266 4.49574
10350 4.4815 4.491559999999999 4.47913 4.500909999999999
10400 4.4763 4.48428 4.51391 4.40891
10450 4.4711 4.471979999999999 4.41503 4.43882
10500 4.4659 4.522460000000001 4.4341800000000005 4.49627
10550 4.4603 4.46797 4.49971 4.466920000000001
10600 4.4544 4.43847 4.49799 4.428909999999999
10650 4.4483 4.457859999999999 4.42531 4.44337
10700 4.4418 4.4824399999999995 4.44281 4.432239999999999
10750 4.435 4.4474 4.445819999999999 4.384709999999999
10800 4.4279 4.45238 4.458670000000001 4.41251
10850 4.4205 4.44285 4.39213 4.48442
10900 4.4128 4.47038 4.44183 4.4729399999999995
10950 4.4048 4.36818 4.41767 4.32827
11000 4.3964 4.4564 4.42734 4.395440000000001
11050 4.3878 4.39602 4.39767 4.4005600000000005
11100 4.3788 4.31622 4.470619999999999 4.33197
11150 4.3695 4.417890000000001 4.30962 4.392940000000001
11200 4.3599 4.41182 4.3504 4.44797
11250 4.35 4.32954 4.27421 4.3374299999999995
11300 4.3398 4.337720000000001 4.2834900000000005 4.40788
11350 4.3293 4.3730400000000005 4.36543 4.2832099999999995
11400 4.3185 4.31053 4.32979 4.28557
11450 4.3074 4.317150000000001 4.27877 4.30895
11500 4.296 4.31499 4.3194099999999995 4.30135
11550 4.2842 4.361000000000001 4.25804 4.31547
11600 4.2722 4.17615 4.26851 4.236229999999999
11650 4.2599 4.21147 4.256419999999999 4.2462800000000005
11700 4.2473 4.23265 4.3279 4.18312
11750 4.2344 4.20592 4.16974 4.18318
11800 4.2212 4.209079999999999 4.2118899999999995 4.160729999999999
11850 4.2078 4.18254 4.2543299999999995 4.15715
11900 4.194 4.14523 4.21007 4.1917599999999995
11950 4.18 4.14028 4.2051300000000005 4.195429999999999
12000 4.1657 4.16087 4.22461 4.15286
12050 4.1512 4.114450000000001 4.14442 4.131880000000001
12100 4.1364 4.06306 4.078620000000001 4.2171899999999996
12150 4.1213 4.12435 4.05888 4.1052599999999995
12200 4.106 4.126219999999999 4.13508 4.03274
12250 4.0904 4.0649299999999995 4.11464 4.12369
12300 4.0746 4.019570000000001 4.13853 4.0872
12350 4.0585 4.03608 4.044110000000001 4.13346
12400 4.0422 3.9642500000000003 4.04068 3.9656300000000004
12450 4.0257 4.048959999999999 4.07417 4.01541
12500 4.009 4.03634 4.02226 3.9592500000000004
12550 3.992 4.085109999999999 4.0454 3.9752500000000004
12600 3.9749 4.02741 3.9763699999999993 3.9152299999999998
12650 3.9575 3.98774 3.90788 3.9449299999999994
12700 3.9399 3.9808299999999996 3.97173 3.9586600000000005
12750 3.9221 3.9782599999999997 3.87267 3.93266
12800 3.9042 3.93979 3.93923 3.83561
12850 3.886 3.92585 3.92156 3.89393
12900 3.8677 3.89066 3.92169 3.80676
12950 3.8492 3.82316 3.9176200000000003 3.8418300000000003
13000 3.8305 3.76663 3.84184 3.86573
13050 3.8117 3.74574 3.7650200000000003 3.8406700000000003
13100 3.7927 3.76544 3.75984 3.7184500000000003
13150 3.7736 3.7422400000000002 3.75041 3.72091
13200 3.7543 3.6772000000000005 3.75117 3.7221800000000003
13250 3.7349 3.79881 3.6411900000000004 3.6978000000000004
13300 3.7153 3.66777 3.76789 3.77993
13350 3.6957 3.70078 3.73331 3.6776799999999996
13400 3.6759 3.6143300000000003 3.6501799999999998 3.62387
13450 3.656 3.68622 3.57138 3.7054500000000004
13500 3.636 3.68752 3.58517 3.6748000000000003
13550 3.6158 3.52402 3.61532 3.69237
13600 3.5956 3.6633400000000003 3.5752800000000002 3.5975
13650 3.5753 3.54915 3.5819799999999997 3.55715
13700 3.5549 3.55083 3.59094 3.4765300000000003
13750 3.5345 3.50928 3.58323 3.52663
13800 3.5139 3.4985199999999996 3.5050800000000004 3.4820100000000003
13850 3.4933 3.49457 3.41556 3.47382
13900 3.4726 3.44257 3.50668 3.49579
13950 3.4519 3.43606 3.45561 3.4504200000000003
14000 3.4311 3.3919799999999998 3.45897 3.5203699999999998
14050 3.4103 3.3291799999999996 3.3977999999999997 3.39946
14100 3.3894 3.46349 3.38384 3.43861
14150 3.3685 3.3311100000000002 3.3858300000000003 3.3522600000000002
14200 3.3475 3.32913 3.29532 3.26492
14250 3.3265 3.39363 3.3177399999999997 3.30018
14300 3.3055 3.28495 3.308 3.2104500000000002
14350 3.2845 3.21906 3.26757 3.3577399999999997
14400 3.2635 3.27377 3.34727 3.3281300000000003
14450 3.2424 3.2466 3.2525399999999998 3.2114000000000003
14500 3.2214 3.2452199999999998 3.1431999999999998 3.17055
14550 3.2003 3.17275 3.20405 3.1777499999999996
14600 3.1793 3.19238 3.14752 3.22223
14650 3.1582 3.20516 3.15707 3.15753
14700 3.1372 3.12484 3.06288 3.1941
14750 3.1162 3.1368 3.11811 3.1364400000000003
14800 3.0952 3.0289200000000003 3.1004400000000003 3.1848
14850 3.0742 3.0528299999999997 3.0080199999999997 3.14756
14900 3.0533 3.05227 3.0611500000000005 3.1151800000000005
14950 3.0324 3.0834799999999998 3.01444 3.0918599999999996
15000 3.0115 3.06053 3.0945799999999997 2.9625399999999997
15050 2.9906 3.0236 3.0458800000000004 3.06908
15100 2.9698 3.0205100000000003 3.0460800000000003 2.90883
15150 2.9491 2.92177 2.8818 2.9248
15200 2.9284 2.90027 2.91804 2.95844
15250 2.9077 2.8811 2.98948 2.9509600000000002
15300 2.8871 2.8417900000000005 2.8233000000000006 2.8864700000000005
15350 2.8666 2.89751 2.87821 2.92527
15400 2.8461 2.83891 2.84327 2.8562
15450 2.8256 2.85489 2.8519200000000002 2.84051
15500 2.8053 2.78357 2.86046 2.81019
15550 2.785 2.8393699999999997 2.7761000000000005 2.75101
15600 2.7647 2.7259299999999995 2.7883 2.75151
15650 2.7446 2.8179100000000004 2.66871 2.78578
15700 2.7245 2.81058 2.8070399999999998 2.68403
15750 2.7045 2.67846 2.67862 2.6968199999999998
15800 2.6846 2.7004300000000003 2.69605 2.6984200000000005
15850 2.6647 2.73625 2.6863099999999998 2.75223
15900 2.6449 2.7163 2.6962099999999998 2.61169
15950 2.6253 2.64118 2.67376 2.63716
16000 2.6057 2.6596200000000003 2.58704 2.5809699999999998
16050 2.5861 2.5286 2.55896 2.56246
16100 2.5667 2.56588 2.5342200000000004 2.5403200000000004
16150 2.5474 2.51734 2.4824200000000003 2.5813
16200 2.5281 2.5396799999999997 2.5166099999999996 2.5481499999999997
16250 2.509 2.51571 2.5825400000000003 2.57462
16300 2.4899 2.5557499999999997 2.4484 2.4601
16350 2.471 2.43961 2.50908 2.3795800000000003
16400 2.4521 2.39304 2.43514 2.4476
16450 2.4333 2.4140300000000003 2.48005 2.4606299999999997
16500 2.4147 2.45539 2.43547 2.36212
16550 2.3961 2.4673900000000004 2.40069 2.35181
16600 2.3777 2.46033 2.38238 2.36591
16650 2.3593 2.36111 2.3756100000000004 2.3656800000000002
16700 2.341 2.3163000000000005 2.36929 2.40193
16750 2.3229 2.2828000000000004 2.32751 2.2817700000000003
16800 2.3048 2.3450600000000006 2.25484 2.22705
16850 2.2869 2.3703800000000004 2.3149100000000002 2.24045
16900 2.269 2.26911 2.27727 2.27154
16950 2.2513 2.2178999999999998 2.2727 2.23998
17000 2.2337 2.20802 2.2563299999999997 2.29372
17050 2.2162 2.1243300000000005 2.1417100000000002 2.2594900000000004
17100 2.1988 2.28966 2.2466099999999996 2.25269
17150 2.1815 2.13864 2.1920200000000003 2.1797500000000003
17200 2.1643 2.1315199999999996 2.21706 2.0838599999999996
17250 2.1472 2.1838600000000006 2.08531 2.08266
17300 2.1302 2.12918 2.0852399999999998 2.0807700000000002
17350 2.1134 2.08974 2.03749 2.06973
17400 2.0966 2.18337 2.11477 2.09009
17450 2.08 2.0798900000000002 2.09905 2.0919
17500 2.0634 2.0004399999999998 2.0660800000000004 2.12213
17550 2.047 2.05823 2.0829400000000002 1.9919700000000002
17600 2.0307 1.99721 2.06214 2.08176
17650 2.0145 1.9928299999999999 1.96311 2.01118
17700 1.9984 2.00596 2.03615 2.0057799999999997
17750 1.9824 1.99735 1.8971099999999999 1.96026
17800 1.9666 1.9717299999999998 1.96699 1.9774
17850 1.9508 1.94737 1.93123 1.97328
17900 1.9352 1.96874 1.8932900000000001 1.97722
17950 1.9196 1.9169399999999999 1.89188 1.83429
18000 1.9042 1.8689799999999999 1.89428 1.89296
18050 1.8889 1.81609 1.88125 1.93249
18100 1.8737 1.8735499999999998 1.86688 1.82144
18150 1.8586 1.8234700000000001 1.86202 1.82064
18200 1.8436 1.87087 1.84825 1.8423499999999997
18250 1.8287 1.77871 1.85857 1.82564
18300 1.8139 1.81946 1.8251000000000002 1.79565
18350 1.7993 1.81653 1.8134499999999998 1.79074
18400 1.7847 1.7979 1.73627 1.70335
18450 1.7703 1.81553 1.7946199999999999 1.6997
18500 1.7559 1.84579 1.7356900000000002 1.7126299999999999
18550 1.7417 1.77142 1.7133 1.7077
18600 1.7276 1.67668 1.7393100000000001 1.6770900000000002
18650 1.7136 1.68256 1.77426 1.72325
18700 1.6997 1.74373 1.7278699999999998 1.70461
18750 1.6859 1.74528 1.64285 1.64409
18800 1.6722 1.6457 1.6928299999999998 1.7289
18850 1.6586 1.62444 1.59768 1.65095
18900 1.6451 1.68124 1.72632 1.62622
18950 1.6317 1.687 1.62018 1.60621
19000 1.6184 1.5643900000000002 1.63528 1.6770900000000002
19050 1.6052 1.57525 1.60325 1.57103
19100 1.5921 1.57522 1.5315699999999999 1.64994
19150 1.5792 1.57024 1.58156 1.57562
19200 1.5663 1.62584 1.55094 1.57441
19250 1.5535 1.5452000000000001 1.5324100000000003 1.5613200000000003
19300 1.5408 1.49759 1.60509 1.56615
19350 1.5283 1.50064 1.46072 1.5147300000000001
19400 1.5158 1.5085300000000001 1.53705 1.48417
19450 1.5034 1.49234 1.51613 1.49275
19500 1.4911 1.5305700000000002 1.4925200000000003 1.52601
19550 1.479 1.4734800000000001 1.51001 1.49469
19600 1.4669 1.41152 1.4589500000000002 1.5085600000000001
19650 1.4549 1.47118 1.53027 1.45278
19700 1.443 1.49499 1.38027 1.42592
19750 1.4312 1.42005 1.39653 1.42543
19800 1.4195 1.34899 1.45694 1.4141199999999998
19850 1.4079 1.3879199999999998 1.33266 1.43729
19900 1.3964 1.3562100000000001 1.3598800000000002 1.43464
19950 1.385 1.30998 1.32335 1.33675
20000 1.3736 1.398 1.31493 1.37739
20050 1.3624 1.3538000000000001 1.39538 1.3287900000000001
20100 1.3513 1.37917 1.43044 1.32158
20150 1.3402 1.27652 1.32055 1.36036
20200 1.3292 1.3490399999999998 1.35343 1.3387699999999998
20250 1.3184 1.2421 1.3213899999999998 1.29613
