0 7.92 7.971 7.9348 7.898
50 7.8609 7.8234 7.7856 7.7477
100 7.7095 7.8312 7.6329 7.5945
150 7.5561 7.5178 7.4796 7.4414
200 7.4035 7.3657 7.3281 7.2908
250 7.2537 7.2169 7.1803 7.1441
300 7.1082 7.0726 7.0374 7.0025
350 6.968 6.9338 6.9 6.8666
400 6.8336 6.801 6.7687 6.7369
450 6.7054 6.6744 6.6437 6.6134
500 6.5835 6.554 6.5249 6.4962
550 6.4679 6.4399 6.4123 6.3851
600 6.3583 6.3318 6.3057 6.2799
650 6.2545 6.2295 6.2048 6.1804
700 6.1564 6.1327 6.1093 6.0862
750 6.0635 6.0411 6.019 5.9972
800 5.9756 5.9544 5.9335 5.9128
850 5.8925 5.8724 5.8526 5.833
900 5.8137 5.7947 5.7759 5.7574
950 5.7391 5.7911 5.7033 5.6857
1000 5.6684 5.7912 5.6343 5.6177
1050 5.6012 5.7919 5.5689 5.553
1100 5.5374 5.522 5.5067 5.4916
1150 5.4767 5.4621 5.4475 5.4332
1200 5.419 5.405 5.3912 5.3775
1250 5.364 5.3507 5.3375 5.3245
1300 5.3116 5.2989 5.2863 5.2739
1350 5.2616 5.2494 5.2374 5.2255
1400 5.2138 5.2021 5.1906 5.1793
1450 5.168 5.1569 5.1459 5.135
1500 5.1243 5.1136 5.1031 5.0926
1550 5.0823 5.0721 5.062 5.052
1600 5.0421 5.0323 5.0226 5.013
1650 5.0035 4.994 4.9847 4.9755
1700 4.9663 4.9573 4.9483 4.9394
1750 4.9306 4.9219 4.9133 4.9047
1800 4.8962 4.8879 4.8795 4.8713
1850 4.8631 4.855 4.847 4.839
1900 4.8312 4.8234 4.8156 4.8079
1950 4.8003 4.7928 4.7853 4.7779
2000 4.7705 4.7632 4.756 4.7488
2050 4.7417 4.7346 4.7276 4.7207
2100 4.7138 4.707 4.7002 4.6935
2150 4.6868 4.6802 4.6736 4.6671
2200 4.6606 4.6542 4.6478 4.6415
2250 4.6352 4.629 4.6628 4.6167
2300 4.6106 4.6045 4.5985 4.5926
2350 4.5866 4.5808 4.5749 4.5691
2400 4.5634 4.5576 4.552 4.5463
2450 4.5407 4.5351 4.5296 4.5241
2500 4.5187 4.5132 4.5079 4.5025
2550 4.4972 4.4919 4.4867 4.4815
2600 4.4763 4.4711 4.4659 4.4603
2650 4.4544 4.4483 4.4418 4.435
2700 4.4279 4.4205 4.4128 4.4048
2750 4.3964 4.3878 4.3788 4.3695
2800 4.3599 4.35 4.3398 4.3293
2850 4.3185 4.3074 4.296 4.2842
2900 4.2722 4.2599 4.2473 4.2344
2950 4.2212 4.2078 4.194 4.18
3000 4.1657 4.1512 4.1364 4.1213
3050 4.106 4.0904 4.0746 4.0585
3100 4.0422 4.0257 4.009 3.992
3150 3.9749 3.9575 3.9399 3.9221
3200 3.9042 3.886 3.8677 3.8492
3250 3.8305 3.8117 3.7927 3.7736
3300 3.7543 3.7349 3.7153 3.6957
3350 3.6759 3.656 3.636 3.6158
3400 3.5956 3.5753 3.5549 3.5345
3450 3.5139 3.4933 3.4726 3.4519
3500 3.4311 3.4103 3.3894 3.3685
3550 3.3475 3.3265 3.3055 3.2845
3600 3.2635 3.2424 3.2214 3.2003
3650 3.1793 3.1582 3.1372 3.1162
3700 3.0952 3.0742 3.0533 3.0324
3750 3.0115 2.9906 2.9698 2.9491
3800 2.9284 2.9077 2.8871 2.8666
3850 2.8461 2.8256 2.8053 2.785
3900 2.7647 2.7446 2.7245 2.7045
3950 2.6846 2.6647 2.6449 2.6253
4000 2.6057 2.5861 2.5667 2.5474
4050 2.5281 2.509 2.4899 2.471
4100 2.4521 2.4333 2.4147 2.3961
4150 2.3777 2.3593 2.341 2.3229
4200 2.3048 2.2869 2.269 2.2513
4250 2.2337 2.2162 2.1988 2.1815
4300 2.1643 2.1472 2.1302 2.1134
4350 2.0966 2.08 2.0634 2.047
4400 2.0307 2.0145 1.9984 1.9824
4450 1.9666 1.9508 1.9352 1.9196
4500 1.9042 1.8889 1.8737 1.8586
4550 1.8436 1.8287 1.8139 1.7993
4600 1.7847 1.7703 1.7559 1.7417
4650 1.7276 1.7136 1.6997 1.6859
4700 1.6722 1.6586 1.6451 1.6317
4750 1.6184 1.6052 1.5921 1.5792
4800 1.5663 1.5535 1.5408 1.5283
4850 1.5158 1.5034 1.4911 1.479
4900 1.4669 1.4549 1.443 1.4312
4950 1.4195 1.4079 1.3964 1.385
5000 1.3736 1.3624 1.3513 1.3402
